model =RandomForestRegressor()
version = 4train
MAE =182932.06259429117
MSE =54508797521.609505
R2 =-0.8091745289126757
test
MAE =182729.39136873742
MSE =54438461511.31781
R2 =-0.8132825241639947
